129
215
488
249
37
504
481
38
393
659
98
293
395
389
71
489
337
415
132
231
176
395
645
212
40
253
20
285
74
65
375
286
525
76
217
472
310
101
556
520
204
375
17
378
539
629
667
538
685
53
599
395
161
434
274
522
161
576
261
42
2
458
517
598
599
476
603
686
226
191
31
260
168
607
17
255
416
284
557
615
194
92
672
364
606
148
393
668
140
110
194
173
457
424
652
691
580
227
612
396
238
495
451
537
323
111
415
581
253
489
265
642
516
404
172
123
153
518
350
230
29
609
113
546
373
222
173
225
608
682
518
681
436
300
679
497
218
607
281
511
658
609
346
664
231
226
573
100
181
252
166
304
148
439
87
478
24
569
606
32
558
443
424
498
507
308
364
266
653
376
200
222
220
300
232
505
18
193
328
82
242
334
484
546
84
263
160
348
434
32
555
368
39
424
325
206
16
616
185
558
184
289
472
84
178
109
224
221
130
304
277
649
357
95
445
616
618
670
213
121
465
72
419
629
523
456
43
257
193
503
671
403
278
165
290
76
52
445
14
380
247
557
356
293
325
227
673
373
578
686
464
84
3
453
543
215
558
495
441
660
625
303
689
166
604
442
608
404
554
176
633
57
245
32
38
503
178
304
135
611
303
157
207
381
135
319
26
130
268
501
563
290
272
157
348
591
414
527
384
664
685
233
313
82
32
47
353
203
692
8
160
224
407
697
312
25
693
417
321
461
516
439
45
600
223
248
683
186
652
93
612
4
284
669
255
6
507
235
578
684
172
172
131
158
688
620
408
604
246
456
696
182
432
563
362
165
625
677
267
331
166
554
182
533
664
523
503
232
335
233
126
106
57
159
644
47
343
521
16
612
597
559
218
223
278
431
552
205
670
332
15
473
587
512
532
79
531
5
492
369
200
528
55
193
655
470
140
204
335
156
375
23
378
79
127
685
435
630
502
637
90
260
596
410
172
322
668
489
311
517
239
274
654
224
206
490
495
81
183
561
550
170
616
253
362
688
404
561
246
156
328
372
54
506
550
537
205
691
184
443
447
243
475
633
508
229
580
309
500
463
684
390
414
557
289
93
452
9
649
445
8
501
170
539
641
438
216
693
422
365
198
245
404
364
597
339
687
499
99
349
434
385
672
279
452
147
60
495
208
639
545
614
422
365
180
137
459
667
198
296
274
96
692
624
352
252
520
400
499
606
265
506
169
587
691
44
460
547
343
236
698
698
284
536
554
121
658
278
573
458
157
472
291
42
212
484
453
471
13
136
616
603
8
93
282
452
211
205
162
365
533
403
175
621
331
503
300
371
248
71
5
379
293
574
663
661
465
444
175
232
415
219
450
276
218
513
108
389
211
222
629
165
125
248
178
37
538
438
658
69
34
659
338
257
389
74
174
519
547
432
408
40
547
96
108
651
14
186
635
162
573
170
482
467
601
40
75
290
364
339
150
534
280
575
113
69
302
192
634
310
5
629
514
342
393
405
611
563
11
329
656
586
649
519
581
43
176
179
418
183
430
80
665
418
391
462
620
515
623
500
53
625
625
298
168
136
492
128
347
197
475
393
341
22
188
535
458
70
582
127
548
173
543
7
195
589
189
177
510
162
529
522
368
540
462
31
94
555
496
331
656
31
309
347
605
530
98
303
13
663
203
399
296
448
400
246
279
692
491
331
299
651
339
53
347
160
692
269
297
174
70
596
286
418
128
678
417
421
294
579
649
166
302
304
198
579
292
595
111
541
249
624
59
218
42
463
26
11
419
551
160
607
78
184
316
11
298
686
447
432
548
139
19
639
653
160
115
639
376
588
